Sortowanie danych: 0.016402 sekund

22 9 18 20 11 21 3 24 5 23 17 13 12 14 8 6 10 1 4 7 15 19 16 2 

13862

Sortowanie danych: 0.013256 sekund

10 2 6 19 23 8 5 9 3 24 12 21 18 14 15 11 17 7 13 4 20 16 22 1 

20917


Sortowanie danych: 0.284758 sekund

10 29 35 12 33 25 47 48 30 19 31 26 9 21 5 46 39 41 14 40 22 45 23 2 38 11 8 24 7 42 1 15 27 16 34 44 36 28 3 37 43 32 13 6 18 20 4 17 

31343


Sortowanie danych: 0.204791 sekund

37 19 45 21 17 20 12 41 25 15 6 29 8 7 36 4 13 46 23 24 33 30 43 48 14 47 39 27 18 34 10 32 16 26 28 5 31 2 42 9 40 22 1 44 35 3 38 11 

33878


Suma czasu sortowania: 0.016402 + 0.013256 + 0.284758 + 0.204791 =  0.519207 sekund

Czas obliczonych sekwencji: 13862 + 20917 + 31343 + 33878 = 100000